30773412 43773702 39399768 42375816 39878346 46819968 38864916 42650712 41010798 41823036 32292810 33290802 41601426 40812594 42230898 43038654 
31885704 45355884 40823856 43907472 41319732 48512256 40269672 44192304 42493116 43334712 33460020 34494084 43105092 42287748 43757316 44594268 
28548828 40609338 36551592 39312504 36995574 43435392 36055404 39567528 38046162 38799684 29958390 30884238 38594094 37862286 39178062 39927426 
5561460 7910910 7120440 7658280 7206930 8461440 7023780 7707960 7411590 7558380 5836050 6016410 7518330 7375770 7632090 7778070 
34481052 49047642 44146728 47481336 44682966 52460928 43547436 47789352 45951858 46861956 36183510 37301742 46613646 45729774 47318958 48224034 
12976740 18458790 16614360 17869320 16816170 19743360 16388820 17985240 17293710 17636220 13617450 14038290 17542770 17210130 17808210 18148830 
31885704 45355884 40823856 43907472 41319732 48512256 40269672 44192304 42493116 43334712 33460020 34494084 43105092 42287748 43757316 44594268 
34110288 48520248 43672032 46970784 44202504 51896832 43079184 47275488 45457752 46358064 35794440 36900648 46112424 45238056 46810152 47705496 
18167436 25842306 23260104 25017048 23542638 27640704 22944348 25179336 24211194 24690708 19064430 19653606 24559878 24094182 24931494 25408362 
7786044 11075274 9968616 10721592 10089702 11846016 9833292 10791144 10376226 10581732 8170470 8422974 10525662 10326078 10684926 10889298 
22987368 32698428 29431152 31654224 29788644 34973952 29031624 31859568 30634572 31241304 24122340 24867828 31075764 30486516 31545972 32149356 
10010628 14239638 12816792 13784904 12972474 15230592 12642804 13874328 13340862 13605084 10504890 10829538 13532994 13276386 13737762 14000526 
33368760 47465460 42722640 45949680 43241580 50768640 42142680 46247760 44469540 45350280 35016300 36098460 45109980 44254620 45792540 46668420 
21875076 31116246 28007064 30122568 28347258 33281664 27626868 30317976 29152254 29729628 22955130 23664546 29572098 29011362 30019554 30593742 
23358132 33225822 29905848 32164776 30269106 35538048 29499876 32373432 31128678 31745196 24511410 25268922 31576986 30978234 32054778 32667894 
9639864 13712244 12342096 13274352 12492012 14666496 12174552 13360464 12846756 13101192 10115820 10428444 13031772 12784668 13228956 13481988 
14830560 21095760 18987840 20422080 19218480 22563840 18730080 20554560 19764240 20155680 15562800 16043760 20048880 19668720 20352240 20741520 
9639864 13712244 12342096 13274352 12492012 14666496 12174552 13360464 12846756 13101192 10115820 10428444 13031772 12784668 13228956 13481988 
26695008 37972368 34178112 36759744 34593264 40614912 33714144 36998208 35575632 36280224 28013040 28878768 36087984 35403696 36634032 37334736 
13347504 18986184 17089056 18379872 17296632 20307456 16857072 18499104 17787816 18140112 14006520 14439384 18043992 17701848 18317016 18667368 
4078404 5801334 5221656 5616072 5285082 6205056 5150772 5652504 5435166 5542812 4279770 4412034 5513442 5408898 5596866 5703918 
25211952 35862792 32279328 34717536 32671416 38358528 31841136 34942752 33599208 34264656 26456760 27274392 34083096 33436824 34598808 35260584 
24841188 35335398 31804632 34206984 32190954 37794432 31372884 34428888 33105102 33760764 26067690 26873298 33581874 32945106 34090002 34742046 
10752156 15294426 13766184 14806008 13933398 16358784 13579308 14902056 14329074 14612868 11283030 11631726 14535438 14259822 14755374 15037602 
30402648 43246308 38925072 41865264 39397884 46255872 38396664 42136848 40516692 41319144 31903740 32889708 41100204 40320876 41722092 42520116 
11122920 15821820 14240880 15316560 14413860 16922880 14047560 15415920 14823180 15116760 11672100 12032820 15036660 14751540 15264180 15556140 
22987368 32698428 29431152 31654224 29788644 34973952 29031624 31859568 30634572 31241304 24122340 24867828 31075764 30486516 31545972 32149356 
8527572 12130062 10918008 11742696 11050626 12974208 10769796 11818872 11364438 11589516 8948610 9225162 11528106 11309514 11702538 11926374 
24841188 35335398 31804632 34206984 32190954 37794432 31372884 34428888 33105102 33760764 26067690 26873298 33581874 32945106 34090002 34742046 
12976740 18458790 16614360 17869320 16816170 19743360 16388820 17985240 17293710 17636220 13617450 14038290 17542770 17210130 17808210 18148830 
10752156 15294426 13766184 14806008 13933398 16358784 13579308 14902056 14329074 14612868 11283030 11631726 14535438 14259822 14755374 15037602 
741528 1054788 949392 1021104 960924 1128192 936504 1027728 988212 1007784 778140 802188 1002444 983436 1017612 1037076 
8156808 11602668 10443312 11232144 10570164 12410112 10301544 11305008 10870332 11085624 8559540 8824068 11026884 10817796 11193732 11407836 
21504312 30588852 27532368 29612016 27866796 32717568 27158616 29804112 28658148 29225736 22566060 23263452 29070876 28519644 29510748 30075204 
25582716 36390186 32754024 35228088 33151878 38922624 32309388 35456616 34093314 34768548 26845830 27675486 34584318 33928542 35107614 35779122 
24841188 35335398 31804632 34206984 32190954 37794432 31372884 34428888 33105102 33760764 26067690 26873298 33581874 32945106 34090002 34742046 
34481052 49047642 44146728 47481336 44682966 52460928 43547436 47789352 45951858 46861956 36183510 37301742 46613646 45729774 47318958 48224034 
20762784 29534064 26582976 28590912 26905872 31589376 26222112 28776384 27669936 28217952 21787920 22461264 28068432 27536208 28493136 29038128 
4078404 5801334 5221656 5616072 5285082 6205056 5150772 5652504 5435166 5542812 4279770 4412034 5513442 5408898 5596866 5703918 
15572088 22150548 19937232 21443184 20179404 23692032 19666584 21582288 20752452 21163464 16340940 16845948 21051324 20652156 21369852 21778596 
10752156 15294426 13766184 14806008 13933398 16358784 13579308 14902056 14329074 14612868 11283030 11631726 14535438 14259822 14755374 15037602 
27065772 38499762 34652808 37270296 35073726 41179008 34182396 37512072 36069738 36784116 28402110 29279862 36589206 35895414 37142838 37853274 
7786044 11075274 9968616 10721592 10089702 11846016 9833292 10791144 10376226 10581732 8170470 8422974 10525662 10326078 10684926 10889298 
7044516 10020486 9019224 9700488 9128778 10717824 8896788 9763416 9388014 9573948 7392330 7620786 9523218 9342642 9667314 9852222 
31144176 44301096 39874464 42886368 40358808 47384064 39333168 43164576 41504904 42326928 32681880 33691896 42102648 41304312 42739704 43557192 
13718268 19513578 17563752 18890424 17777094 20871552 17325324 19012968 18281922 18644004 14395590 14840478 18545214 18193566 18825822 19185906 
36334872 51684612 46520208 50034096 47085276 55281408 45888696 50358672 48422388 49381416 38128860 39307212 49119756 48188364 49862988 50816724 
8898336 12657456 11392704 12253248 11531088 13538304 11238048 12332736 11858544 12093408 9337680 9626256 12029328 11801232 12211344 12444912 
5561460 7910910 7120440 7658280 7206930 8461440 7023780 7707960 7411590 7558380 5836050 6016410 7518330 7375770 7632090 7778070 
25953480 36917580 33228720 35738640 33632340 39486720 32777640 35970480 34587420 35272440 27234900 28076580 35085540 34420260 35616420 36297660 
4819932 6856122 6171048 6637176 6246006 7333248 6087276 6680232 6423378 6550596 5057910 5214222 6515886 6392334 6614478 6740994 
9639864 13712244 12342096 13274352 12492012 14666496 12174552 13360464 12846756 13101192 10115820 10428444 13031772 12784668 13228956 13481988 
33739524 47992854 43197336 46460232 43722042 51332736 42610932 46761624 44963646 45854172 35405370 36499554 45611202 44746338 46301346 47186958 
29661120 42191520 37975680 40844160 38436960 45127680 37460160 41109120 39528480 40311360 31125600 32087520 40097760 39337440 40704480 41483040 
20762784 29534064 26582976 28590912 26905872 31589376 26222112 28776384 27669936 28217952 21787920 22461264 28068432 27536208 28493136 29038128 
27065772 38499762 34652808 37270296 35073726 41179008 34182396 37512072 36069738 36784116 28402110 29279862 36589206 35895414 37142838 37853274 
22987368 32698428 29431152 31654224 29788644 34973952 29031624 31859568 30634572 31241304 24122340 24867828 31075764 30486516 31545972 32149356 
25953480 36917580 33228720 35738640 33632340 39486720 32777640 35970480 34587420 35272440 27234900 28076580 35085540 34420260 35616420 36297660 
35593344 50629824 45570816 49012992 46124352 54153216 44952192 49330944 47434176 48373632 37350720 38505024 48117312 47204928 48845376 49779648 
30031884 42718914 38450376 41354712 38917422 45691776 37928412 41622984 40022586 40815252 31514670 32488614 40598982 39829158 41213286 42001578 
1853820 2636970 2373480 2552760 2402310 2820480 2341260 2569320 2470530 2519460 1945350 2005470 2506110 2458590 2544030 2592690 
9269100 13184850 11867400 12763800 12011550 14102400 11706300 12846600 12352650 12597300 9726750 10027350 12530550 12292950 12720150 12963450 
31144176 44301096 39874464 42886368 40358808 47384064 39333168 43164576 41504904 42326928 32681880 33691896 42102648 41304312 42739704 43557192 
10010628 14239638 12816792 13784904 12972474 15230592 12642804 13874328 13340862 13605084 10504890 10829538 13532994 13276386 13737762 14000526 
