17928 2490 22908 14442 6474 28386 11952 47310 40836 22410 6972 33366 16932 31872 21414 24900 43326 3984 37848 38844 43824 41832 1494 25398 26892 49302 15936 29880 37848 33864 19422 5976 
18576 2580 23736 14964 6708 29412 12384 49020 42312 23220 7224 34572 17544 33024 22188 25800 44892 4128 39216 40248 45408 43344 1548 26316 27864 51084 16512 30960 39216 35088 20124 6192 
16632 2310 21252 13398 6006 26334 11088 43890 37884 20790 6468 30954 15708 29568 19866 23100 40194 3696 35112 36036 40656 38808 1386 23562 24948 45738 14784 27720 35112 31416 18018 5544 
3240 450 4140 2610 1170 5130 2160 8550 7380 4050 1260 6030 3060 5760 3870 4500 7830 720 6840 7020 7920 7560 270 4590 4860 8910 2880 5400 6840 6120 3510 1080 
20088 2790 25668 16182 7254 31806 13392 53010 45756 25110 7812 37386 18972 35712 23994 27900 48546 4464 42408 43524 49104 46872 1674 28458 30132 55242 17856 33480 42408 37944 21762 6696 
7560 1050 9660 6090 2730 11970 5040 19950 17220 9450 2940 14070 7140 13440 9030 10500 18270 1680 15960 16380 18480 17640 630 10710 11340 20790 6720 12600 15960 14280 8190 2520 
18576 2580 23736 14964 6708 29412 12384 49020 42312 23220 7224 34572 17544 33024 22188 25800 44892 4128 39216 40248 45408 43344 1548 26316 27864 51084 16512 30960 39216 35088 20124 6192 
19872 2760 25392 16008 7176 31464 13248 52440 45264 24840 7728 36984 18768 35328 23736 27600 48024 4416 41952 43056 48576 46368 1656 28152 29808 54648 17664 33120 41952 37536 21528 6624 
10584 1470 13524 8526 3822 16758 7056 27930 24108 13230 4116 19698 9996 18816 12642 14700 25578 2352 22344 22932 25872 24696 882 14994 15876 29106 9408 17640 22344 19992 11466 3528 
4536 630 5796 3654 1638 7182 3024 11970 10332 5670 1764 8442 4284 8064 5418 6300 10962 1008 9576 9828 11088 10584 378 6426 6804 12474 4032 7560 9576 8568 4914 1512 
13392 1860 17112 10788 4836 21204 8928 35340 30504 16740 5208 24924 12648 23808 15996 18600 32364 2976 28272 29016 32736 31248 1116 18972 20088 36828 11904 22320 28272 25296 14508 4464 
5832 810 7452 4698 2106 9234 3888 15390 13284 7290 2268 10854 5508 10368 6966 8100 14094 1296 12312 12636 14256 13608 486 8262 8748 16038 5184 9720 12312 11016 6318 1944 
19440 2700 24840 15660 7020 30780 12960 51300 44280 24300 7560 36180 18360 34560 23220 27000 46980 4320 41040 42120 47520 45360 1620 27540 29160 53460 17280 32400 41040 36720 21060 6480 
12744 1770 16284 10266 4602 20178 8496 33630 29028 15930 4956 23718 12036 22656 15222 17700 30798 2832 26904 27612 31152 29736 1062 18054 19116 35046 11328 21240 26904 24072 13806 4248 
13608 1890 17388 10962 4914 21546 9072 35910 30996 17010 5292 25326 12852 24192 16254 18900 32886 3024 28728 29484 33264 31752 1134 19278 20412 37422 12096 22680 28728 25704 14742 4536 
5616 780 7176 4524 2028 8892 3744 14820 12792 7020 2184 10452 5304 9984 6708 7800 13572 1248 11856 12168 13728 13104 468 7956 8424 15444 4992 9360 11856 10608 6084 1872 
8640 1200 11040 6960 3120 13680 5760 22800 19680 10800 3360 16080 8160 15360 10320 12000 20880 1920 18240 18720 21120 20160 720 12240 12960 23760 7680 14400 18240 16320 9360 2880 
5616 780 7176 4524 2028 8892 3744 14820 12792 7020 2184 10452 5304 9984 6708 7800 13572 1248 11856 12168 13728 13104 468 7956 8424 15444 4992 9360 11856 10608 6084 1872 
15552 2160 19872 12528 5616 24624 10368 41040 35424 19440 6048 28944 14688 27648 18576 21600 37584 3456 32832 33696 38016 36288 1296 22032 23328 42768 13824 25920 32832 29376 16848 5184 
7776 1080 9936 6264 2808 12312 5184 20520 17712 9720 3024 14472 7344 13824 9288 10800 18792 1728 16416 16848 19008 18144 648 11016 11664 21384 6912 12960 16416 14688 8424 2592 
2376 330 3036 1914 858 3762 1584 6270 5412 2970 924 4422 2244 4224 2838 3300 5742 528 5016 5148 5808 5544 198 3366 3564 6534 2112 3960 5016 4488 2574 792 
14688 2040 18768 11832 5304 23256 9792 38760 33456 18360 5712 27336 13872 26112 17544 20400 35496 3264 31008 31824 35904 34272 1224 20808 22032 40392 13056 24480 31008 27744 15912 4896 
14472 2010 18492 11658 5226 22914 9648 38190 32964 18090 5628 26934 13668 25728 17286 20100 34974 3216 30552 31356 35376 33768 1206 20502 21708 39798 12864 24120 30552 27336 15678 4824 
6264 870 8004 5046 2262 9918 4176 16530 14268 7830 2436 11658 5916 11136 7482 8700 15138 1392 13224 13572 15312 14616 522 8874 9396 17226 5568 10440 13224 11832 6786 2088 
17712 2460 22632 14268 6396 28044 11808 46740 40344 22140 6888 32964 16728 31488 21156 24600 42804 3936 37392 38376 43296 41328 1476 25092 26568 48708 15744 29520 37392 33456 19188 5904 
6480 900 8280 5220 2340 10260 4320 17100 14760 8100 2520 12060 6120 11520 7740 9000 15660 1440 13680 14040 15840 15120 540 9180 9720 17820 5760 10800 13680 12240 7020 2160 
13392 1860 17112 10788 4836 21204 8928 35340 30504 16740 5208 24924 12648 23808 15996 18600 32364 2976 28272 29016 32736 31248 1116 18972 20088 36828 11904 22320 28272 25296 14508 4464 
4968 690 6348 4002 1794 7866 3312 13110 11316 6210 1932 9246 4692 8832 5934 6900 12006 1104 10488 10764 12144 11592 414 7038 7452 13662 4416 8280 10488 9384 5382 1656 
14472 2010 18492 11658 5226 22914 9648 38190 32964 18090 5628 26934 13668 25728 17286 20100 34974 3216 30552 31356 35376 33768 1206 20502 21708 39798 12864 24120 30552 27336 15678 4824 
7560 1050 9660 6090 2730 11970 5040 19950 17220 9450 2940 14070 7140 13440 9030 10500 18270 1680 15960 16380 18480 17640 630 10710 11340 20790 6720 12600 15960 14280 8190 2520 
6264 870 8004 5046 2262 9918 4176 16530 14268 7830 2436 11658 5916 11136 7482 8700 15138 1392 13224 13572 15312 14616 522 8874 9396 17226 5568 10440 13224 11832 6786 2088 
432 60 552 348 156 684 288 1140 984 540 168 804 408 768 516 600 1044 96 912 936 1056 1008 36 612 648 1188 384 720 912 816 468 144 
4752 660 6072 3828 1716 7524 3168 12540 10824 5940 1848 8844 4488 8448 5676 6600 11484 1056 10032 10296 11616 11088 396 6732 7128 13068 4224 7920 10032 8976 5148 1584 
12528 1740 16008 10092 4524 19836 8352 33060 28536 15660 4872 23316 11832 22272 14964 17400 30276 2784 26448 27144 30624 29232 1044 17748 18792 34452 11136 20880 26448 23664 13572 4176 
14904 2070 19044 12006 5382 23598 9936 39330 33948 18630 5796 27738 14076 26496 17802 20700 36018 3312 31464 32292 36432 34776 1242 21114 22356 40986 13248 24840 31464 28152 16146 4968 
14472 2010 18492 11658 5226 22914 9648 38190 32964 18090 5628 26934 13668 25728 17286 20100 34974 3216 30552 31356 35376 33768 1206 20502 21708 39798 12864 24120 30552 27336 15678 4824 
20088 2790 25668 16182 7254 31806 13392 53010 45756 25110 7812 37386 18972 35712 23994 27900 48546 4464 42408 43524 49104 46872 1674 28458 30132 55242 17856 33480 42408 37944 21762 6696 
12096 1680 15456 9744 4368 19152 8064 31920 27552 15120 4704 22512 11424 21504 14448 16800 29232 2688 25536 26208 29568 28224 1008 17136 18144 33264 10752 20160 25536 22848 13104 4032 
2376 330 3036 1914 858 3762 1584 6270 5412 2970 924 4422 2244 4224 2838 3300 5742 528 5016 5148 5808 5544 198 3366 3564 6534 2112 3960 5016 4488 2574 792 
9072 1260 11592 7308 3276 14364 6048 23940 20664 11340 3528 16884 8568 16128 10836 12600 21924 2016 19152 19656 22176 21168 756 12852 13608 24948 8064 15120 19152 17136 9828 3024 
6264 870 8004 5046 2262 9918 4176 16530 14268 7830 2436 11658 5916 11136 7482 8700 15138 1392 13224 13572 15312 14616 522 8874 9396 17226 5568 10440 13224 11832 6786 2088 
15768 2190 20148 12702 5694 24966 10512 41610 35916 19710 6132 29346 14892 28032 18834 21900 38106 3504 33288 34164 38544 36792 1314 22338 23652 43362 14016 26280 33288 29784 17082 5256 
4536 630 5796 3654 1638 7182 3024 11970 10332 5670 1764 8442 4284 8064 5418 6300 10962 1008 9576 9828 11088 10584 378 6426 6804 12474 4032 7560 9576 8568 4914 1512 
4104 570 5244 3306 1482 6498 2736 10830 9348 5130 1596 7638 3876 7296 4902 5700 9918 912 8664 8892 10032 9576 342 5814 6156 11286 3648 6840 8664 7752 4446 1368 
18144 2520 23184 14616 6552 28728 12096 47880 41328 22680 7056 33768 17136 32256 21672 25200 43848 4032 38304 39312 44352 42336 1512 25704 27216 49896 16128 30240 38304 34272 19656 6048 
7992 1110 10212 6438 2886 12654 5328 21090 18204 9990 3108 14874 7548 14208 9546 11100 19314 1776 16872 17316 19536 18648 666 11322 11988 21978 7104 13320 16872 15096 8658 2664 
21168 2940 27048 17052 7644 33516 14112 55860 48216 26460 8232 39396 19992 37632 25284 29400 51156 4704 44688 45864 51744 49392 1764 29988 31752 58212 18816 35280 44688 39984 22932 7056 
5184 720 6624 4176 1872 8208 3456 13680 11808 6480 2016 9648 4896 9216 6192 7200 12528 1152 10944 11232 12672 12096 432 7344 7776 14256 4608 8640 10944 9792 5616 1728 
3240 450 4140 2610 1170 5130 2160 8550 7380 4050 1260 6030 3060 5760 3870 4500 7830 720 6840 7020 7920 7560 270 4590 4860 8910 2880 5400 6840 6120 3510 1080 
15120 2100 19320 12180 5460 23940 10080 39900 34440 18900 5880 28140 14280 26880 18060 21000 36540 3360 31920 32760 36960 35280 1260 21420 22680 41580 13440 25200 31920 28560 16380 5040 
2808 390 3588 2262 1014 4446 1872 7410 6396 3510 1092 5226 2652 4992 3354 3900 6786 624 5928 6084 6864 6552 234 3978 4212 7722 2496 4680 5928 5304 3042 936 
5616 780 7176 4524 2028 8892 3744 14820 12792 7020 2184 10452 5304 9984 6708 7800 13572 1248 11856 12168 13728 13104 468 7956 8424 15444 4992 9360 11856 10608 6084 1872 
19656 2730 25116 15834 7098 31122 13104 51870 44772 24570 7644 36582 18564 34944 23478 27300 47502 4368 41496 42588 48048 45864 1638 27846 29484 54054 17472 32760 41496 37128 21294 6552 
17280 2400 22080 13920 6240 27360 11520 45600 39360 21600 6720 32160 16320 30720 20640 24000 41760 3840 36480 37440 42240 40320 1440 24480 25920 47520 15360 28800 36480 32640 18720 5760 
12096 1680 15456 9744 4368 19152 8064 31920 27552 15120 4704 22512 11424 21504 14448 16800 29232 2688 25536 26208 29568 28224 1008 17136 18144 33264 10752 20160 25536 22848 13104 4032 
15768 2190 20148 12702 5694 24966 10512 41610 35916 19710 6132 29346 14892 28032 18834 21900 38106 3504 33288 34164 38544 36792 1314 22338 23652 43362 14016 26280 33288 29784 17082 5256 
13392 1860 17112 10788 4836 21204 8928 35340 30504 16740 5208 24924 12648 23808 15996 18600 32364 2976 28272 29016 32736 31248 1116 18972 20088 36828 11904 22320 28272 25296 14508 4464 
15120 2100 19320 12180 5460 23940 10080 39900 34440 18900 5880 28140 14280 26880 18060 21000 36540 3360 31920 32760 36960 35280 1260 21420 22680 41580 13440 25200 31920 28560 16380 5040 
20736 2880 26496 16704 7488 32832 13824 54720 47232 25920 8064 38592 19584 36864 24768 28800 50112 4608 43776 44928 50688 48384 1728 29376 31104 57024 18432 34560 43776 39168 22464 6912 
17496 2430 22356 14094 6318 27702 11664 46170 39852 21870 6804 32562 16524 31104 20898 24300 42282 3888 36936 37908 42768 40824 1458 24786 26244 48114 15552 29160 36936 33048 18954 5832 
1080 150 1380 870 390 1710 720 2850 2460 1350 420 2010 1020 1920 1290 1500 2610 240 2280 2340 2640 2520 90 1530 1620 2970 960 1800 2280 2040 1170 360 
5400 750 6900 4350 1950 8550 3600 14250 12300 6750 2100 10050 5100 9600 6450 7500 13050 1200 11400 11700 13200 12600 450 7650 8100 14850 4800 9000 11400 10200 5850 1800 
18144 2520 23184 14616 6552 28728 12096 47880 41328 22680 7056 33768 17136 32256 21672 25200 43848 4032 38304 39312 44352 42336 1512 25704 27216 49896 16128 30240 38304 34272 19656 6048 
5832 810 7452 4698 2106 9234 3888 15390 13284 7290 2268 10854 5508 10368 6966 8100 14094 1296 12312 12636 14256 13608 486 8262 8748 16038 5184 9720 12312 11016 6318 1944 
