20 36 44 26 22 65 8 16 82 58 24 37 62 24 0 36 
52 99 79 50 68 71 73 31 81 30 33 94 60 63 99 81 
99 96 59 73 13 68 90 95 26 66 84 40 90 84 76 42 
36 7 45 56 79 18 87 12 48 72 59 9 36 10 42 87 
6 1 13 72 21 55 19 99 21 4 39 11 40 67 5 28 
27 50 84 58 20 24 22 69 96 81 30 84 92 72 72 50 
25 85 22 99 40 42 98 13 98 90 24 90 9 81 19 36 
32 55 94 4 79 69 73 76 50 55 60 42 79 84 93 5 
21 67 4 13 61 54 26 59 44 2 2 6 84 21 42 68 
28 89 72 8 58 98 36 8 53 48 3 33 33 48 90 54 
67 46 68 29 0 46 88 97 49 90 3 33 63 97 53 92 
86 25 52 96 75 88 57 29 36 60 14 21 60 4 28 27 
50 48 56 2 94 97 99 43 39 2 28 3 0 81 47 38 
59 51 35 34 39 92 15 27 4 29 49 64 85 29 43 35 
77 0 38 71 49 89 67 88 92 95 43 44 29 90 82 40 
41 69 26 32 61 42 60 17 23 61 81 9 90 25 96 67 
