77 34 90 26 24 57 14 68 5 58 12 86 0 46 26 94 
16 52 78 29 46 90 47 70 51 80 31 93 57 27 12 86 
14 55 12 90 12 79 10 69 89 74 55 41 20 33 87 88 
38 66 70 84 56 17 6 60 49 37 5 59 17 18 45 83 
73 58 73 37 89 83 7 78 57 14 71 29 0 59 18 38 
25 88 74 33 57 81 93 58 70 99 17 39 69 63 22 94 
73 47 31 62 82 90 92 91 57 15 21 57 74 91 47 51 
31 21 37 40 54 30 98 25 81 16 16 2 31 39 96 4 
38 80 18 21 70 62 12 79 77 85 36 4 76 83 7 59 
57 44 99 11 27 50 36 60 18 5 63 49 44 11 5 34 
91 75 55 14 89 68 93 18 5 82 22 82 17 30 93 74 
26 93 86 53 43 74 14 13 79 77 62 75 88 19 10 32 
94 17 46 35 37 91 53 43 73 28 25 91 10 18 17 36 
63 55 90 58 30 4 71 61 33 85 89 73 4 51 5 50 
68 3 85 6 95 39 49 20 67 26 63 77 96 81 65 60 
36 55 70 18 11 42 32 96 79 21 70 84 72 27 34 40 
