738698 34 90 26 24 57 14 68 5 58 12 86 0 46 26 94 
1099936 1070152 78 29 46 90 47 70 51 80 31 93 57 27 12 86 
1183616 1231978 1294608 90 12 79 10 69 89 74 55 41 20 33 87 88 
843380 1055856 1113568 918792 56 17 6 60 49 37 5 59 17 18 45 83 
682678 816268 855778 637282 642002 83 7 78 57 14 71 29 0 59 18 38 
1072282 1172920 1318520 1033566 921726 1335162 93 58 70 99 17 39 69 63 22 94 
912898 1176038 1209670 1051604 850480 1169244 1077080 91 57 15 21 57 74 91 47 51 
1160302 1274250 1334470 1108108 829428 1285260 1228952 1352434 81 16 16 2 31 39 96 4 
756440 845072 993528 812070 621616 857960 936480 1041406 617378 85 36 4 76 83 7 59 
854682 901544 1005858 855194 662574 1032704 1017264 1027992 698460 664538 63 49 44 11 5 34 
1042030 1181118 1262578 1018820 806462 1184480 1148694 1203744 960074 1015036 1309060 82 17 30 93 74 
869804 1006218 1120472 812726 670342 1131740 947888 1038850 792034 763262 1007564 735702 88 19 10 32 
850720 880430 869632 777146 559666 870346 1046774 893242 749782 624940 854590 709606 615964 18 17 36 
821406 991774 1146360 851416 759036 1157056 969602 1120714 715254 673354 1017962 805570 660664 885054 5 50 
1010744 1114938 1310638 1086036 920414 1234338 1147030 1185440 976606 929804 1094958 1004246 830268 1081542 1183970 60 
842076 887926 1022932 834468 556418 907752 840368 1072872 703954 717750 969820 814860 682488 821754 957964 734800 
